1756
4012
-1921
1767
-4962
4985
-8213
-2586
-5106
5908
9360
8500
-2144
9410
9612
-3799
5751
-6755
-4849
6020
-5245
-3113
7160
-1162
1270
-2716
2135
-4043
-7330
-2300
-2715
1580
7248
-9071
-1460
8879
9699
-8078
5024
1342
5129
9306
7892
-7985
-4214
3374
3368
-7972
-3518
-8657
-8546
-64
-312
6005
9597
-5132
6853
9242
-9504
7754
-7151
5831
-5257
7195
-1377
-2221
-8748
-3074
869
-9267
-3497
3829
-1779
3810
-9110
-4551
-1005
5144
-6949
7897
3917
106
9475
-8673
-3754
7350
-8109
-8757
-8668
-6328
-7974
-9544
-8574
7270
-1508
9299
4563
-9303
3393
8007
2121
-3559
1159
-4251
4840
-2374
-8286
5879
5114
4148
5873
-8291
6190
-7401
-6163
2743
6356
-6584
949
1273
-4113
-9991
-4406
-2803
8708
-3953
2402
952
-4683
-8408
887
-1702
-8250
-4955
-4225
-2525
8948
3725
-3513
8621
5636
-3987
-3871
-2816
-2201
-9684
-5733
8827
3433
5749
-7057
1146
-252
-7880
2119
2112
-9153
-6039
-2958
-1207
5224
762
562
3522
-6739
-2426
9959
1144
6824
6362
3796
-7370
6929
2329
5638
9875
3880
8410
9399
8391
-8221
3576
7519
-432
8650
9741
8550
9631
2927
3664
-3372
4986
-3317
7695
-6603
-5127
5451
2608
-6077
-9776
-9642
3123
-7998
7072
-8047
-9688
4217
7420
-3517
2244
8233
-7562
-5437
-1348
-2987
-8353
3244
-9007
4872
-6480
-975
-9672
8218
-6840
-267
8811
5948
9235
-1068
764
-5577
-8729
4486
9174
8032
-1343
1573
-9553
-2385
8337
-4476
-8870
3148
-9318
5432
-5810
422
8031
681
-8251
1630
4458
7736
-9598
1200
-9971
4905
8843
-2662
-6858
-5636
4982
-1512
5719
-2180
6961
-2048
-4610
620
8357
74
2796
3379
6536
7997
-2105
-2819
7536
-2271
-4457
-1612
7917
-1446
-2818
9135
-34
-6465
4084
-2027
8003
3752
2731
3110
-5528
3972
542
2642
7429
2862
8471
6238
-4969
-2589
2325
1675
8834
-8922
-8800
-7595
-6695
2849
7370
1114
-8206
4755
-3552
-3573
-8695
6584
7854
3425
3868
7417
2618
-5396
7344
9687
-1093
-7437
-2545
5253
-248
-5327
-742
-695
-6644
506
6230
5508
-9700
-1112
-7665
1678
-5332
-4847
6383
-8383
1315
-282
-2476
-5886
1337
-9156
5008
-4954
-7631
-2385
4793
-2279
4331
9148
2172
8638
4951
-1947
-6904
2697
-8145
2489
1398
5943
198
-4203
6284
-1034
1090
-7810
2749
-2536
-1778
5727
-1629
9189
5039
-6660
-6085
-1092
-335
-5788
-3065
5742
5713
-1491
-8824
-8847
6716
-6303
6728
6616
-7943
-6315
9762
8826
8321
1582
3916
-4461
-5439
-3958
3956
-9821
4866
-2672
9499
8605
777
2983
-6402
1610
-5863
4189
-6968
7643
-4447
5656
-9771
-8311
-5380
5130
2250
-2608
-4538
6134
-4593
-5464
5965
-455
-9132
-6543
-575
8376
-5654
-6377
256
-3244
-9124
-1615
-990
-7428
377
-6267
-9902
-4882
2478
-2132
-9347
-7881
3273
-7336
1353
2227
-9082
-569
3792
-3436
4718
8733
-8080
4963
-7361
-8769
2114
-9859
-7815
-4239
-158
9409
-2613
8798
4780
1844
2680
-7952
-5247
-1483
-2706
-9657
-6345
7540
-6117
3846
6273
8205
2104
7198
7458
4915
-169
-6308
2038
-7856
-3536
4047
9933
-855
1619
9957
-7067
-3283
8026
-8756
4732
4475
-2115
9509
9547
8871
-5322
-4725
9270
4374
5077
-5619
1080
-1206
-5041
3910
-1962
-5013
-1696
4928
-423
-6306
-3240
2635
-4621
8633
-7885
5608
6898
-2663
7411
6939
9514
-7362
9114
-8202
319
2595
7652
8587
237
-5444
-5578
7664
-2933
-7917
-7033
1139
-5814
7710
1919
7947
8414
-6902
1667
1038
-2285
5250
4129
-9086
6755
-930
-1623
1933
6964
8139
-5132
-1559
-320
-6840
-6410
5443
-2664
-283
-5310
-4979
9272
-904
-4432
-6704
5665
977
1422
9188
5419
9465
8525
6415
971
-1924
4084
5070
8466
6737
-8168
-8833
6180
2490
-9300
-1071
7215
4527
-8542
-8975
4120
6476
610
-1304
8409
-3354
1766
8619
-318
833
-4751
-4222
7649
-810
6515
7499
9614
-1547
7470
-8397
-923
-1480
6977
599
-2115
-6477
-1158
-3218
-1605
6639
-3919
-8862
-482
396
-4933
8943
-1146
-171
8007
-5675
6311
5465
-4612
-2367
1488
6054
-6481
-3011
5975
-6798
-684
-1238
7057
9855
1948
-4401
9499
-9989
-9189
4886
7805
-5017
223
3043
-5249
-5889
6260
-2748
-5878
7573
-1355
-215
447
3145
-4707
3613
-6868
-656
9111
1831
-9996
-8148
807
-4807
-2677
7320
-5919
-337
8448
9469
9444
-1158
-983
-6879
-3479
1327
-4759
2345
-7118
-2623
9794
6267
-7133
8403
4557
9531
8316
-6088
4562
8336
-7533
155
-9099
-1019
4882
5953
4177
-4970
-4280
-2569
-9971
-3403
-1195
-5346
8129
9803
-9233
-2675
-3377
3967
-1628
788
-3538
1734
2037
-6263
8985
2404
636
-2208
9005
-9831
5102
-9888
7001
-711
-2059
-9964
-1761
568
7150
-9789
-3375
5451
-2652
3197
-2538
8214
-9726
4755
8764
990
7289
-9406
-36
1679
-6307
-832
6944
1144
6968
-8228
4394
7928
-1573
9861
1496
-1308
-2347
-1160
1862
-9269
9086
6056
6817
-1840
-5837
1011
-5615
8841
6276
-9229
2130
5882
-971
-1985
-7120
4507
149
-4678
-4405
8774
-6908
7096
3600
5378
-4183
-1303
-2976
-2512
-8299
8770
560
1434
-7107
8032
1904
-8767
-6222
-8197
-2484
2683
-5218
8104
4868
6197
-357
8513
-1101
-9589
6980
6989
8544
-7669
-6756
3089
7640
-8010
-7545
-8561
-7657
5466
-6014
6898
7140
7507
211
-9305
2989
997
6111
-8353
729
-1655
7806
2913
3991
-5012
-7773
7404
-4266
-2695
9799
-3387
508
-5288
-9774
-1771
-1810
-195
-9608
-86
8778
-7662
9461
2050
-1304
-2116
-9036
7362
-4014
-1052
-4476
7902
-5700
5333
-3740
198
-5475
332
9098
2651
9763
-4948
5705
5038
5668
7374
-3610
2427
7281
-8019
2506
-6817
605
-3803
-7131
-1610
-1115
-4244
-5784
-3893
-5977
-5134
1417
6787
-8219
-8103
-7688
5176
8453
28
-6296
7858
707
-2259
151
3726
-3366
-5577
6383
1323
-8506
-1462
-9919
-5995
6442
-7660
-2703
8104
2464
7870
-8687
8769
-3885
2991
-1373
4897
3635
8918
3256
3770
5062
1214
3975
-2748
8277
4648
2477
-7137
6047
-857
-8244
-5538
-627
2894
-5388
5486
-5216
-2588
-9656
9442
4600
-5792
-7288
-9417
-1286
-5064
1743
7717
9114
5255
-9910
-2284
1167
